SPOCK1	47.2189	8.9964	91.2252	15.5516
EMX2	1250.9004	628.7509	261.8431	916.3732
TLR9	15.2061	17.1582	38.8604	8.5974
MNX1	0.4002	0.4998	8.7790	2.6408
SEMA3G	1464.5858	865.1572	321.0058	57.5117
GPR77	22.0088	27.9889	39.6963	16.7254
COX7B	1378.1513	903.1421	1448.1524	1284.0376
NODAL	8.8035	8.9964	8.0156	2.6408
TNFSF4	65.6263	129.9485	269.0953	171.0681
UBE2D3	6192.8772	4392.7594	5957.8837	7592.4296
PIP5K1B	47.2189	8.9964	91.2252	15.5516
NEIL1	61.6246	31.9873	37.0245	13.7911
HUS1B	1.6006	0.9996	2.6719	1.4671
POLD3	357.7431	466.3152	448.8738	378.8146
RPL39	251.3005	562.2772	532.8468	800.4695
CTSG	38.8155	2.9988	26.3370	3.5211
DSC2	716.6867	463.8162	740.1074	1286.9718
MAP3K13	93.7535	103.7489	82.6867	97.2124
FUT10	95.2381	148.9410	109.1649	133.2160
IL10RB	1185.8103	1279.6829	1690.5290	1774.4865
CLDN7	190.8764	307.8780	422.1551	294.6009
SCG2	7.6030	865.6570	334.7469	40.7864
FGFR3	1151.6607	363.8558	109.9283	75.4108
TGFB3	318.1273	337.3663	1029.8142	395.8333
CXCL5	11.2045	2383.0557	69.4686	47.2418
ADM	4710.6843	6316.4971	3246.3195	8710.0939
PGLYRP2	0.0000	6.4974	4.5803	0.0000
BEST1	49.2237	218.9233	154.2164	267.9108
ZNF830	326.1305	340.8649	274.4390	355.9272
SOX9	2645.0580	423.3323	607.2774	736.7958
SELS	1009.6038	610.7580	995.8433	868.8380
NKX2-3	2.0008	0.4998	0.0000	0.0000
STK38	973.1893	798.6835	1287.8403	710.6808
GHSR	0.0000	0.0000	0.0000	0.0000
RXRA	2493.7975	2613.9642	1942.4480	1263.2042
FABP7	96.0384	33.4867	11369.9430	36.6784
SLC22A16	2.0008	0.9996	9.5424	65.1408
SGK223	303.7215	452.3208	367.5727	306.9249
