6.0405803597
5.7752969065
4.4919568489
9.4750520384
5.2290180576
8.4924948201
6.8151389448
1.0903334652
5.9241511271
7.9562544604
10.3497881775
6.9503843165
4.4010582254
6.8870384173
2.1192671175
6.7227843405
4.2980398249
4.2943801271
7.2861038129
1.5692656163
0.0948835779
2.8809039305
3.7686237914
7.5863012230
5.0683878177
6.9614896043
1.6521588921
8.2954570024
5.7357959472
3.8295377938
10.1100928537
5.1701682974
7.2185071223
7.8731862830
8.2240246523
8.5468189209
4.0365215875
8.8485983213
1.7628535899
8.5268790647
9.7887741487
6.5694147770
8.3415968345
2.9948023765
0.9004639065
0.3152203525
2.2939140863
8.8562682926
2.0717365971
4.0928093189
2.4605838969
9.1629741727
6.7534216595
10.8318884652
11.3665618945
5.8694481127
1.6956671918
6.8862023501
9.5036051007
9.8664197362
0.0964852014
2.8450808849
5.5352416451
5.8142368345
