0.65766909
1.10507391
1.59426666
1.02986745
0.99048366
0.61472032
0.60155504
1.45082838
1.02614601
1.38067116
0.67554664
1.34705386
1.90843291
1.21898389
1.18893963
0.72221690
1.65101062
1.20058280
0.65739766
1.09020029
0.28145860
1.28167500
1.01763231
1.38174781
0.88712334
2.42459155
0.95037105
0.54291165
1.34900950
1.74273562
1.38295056
0.81865424
1.15265287
0.41595563
0.43118255
0.63745929
1.32837384
1.36649451
1.96012102
0.45693855
0.36484361
1.25418993
0.52529865
2.93007448
1.62097321
0.53655396
1.25822092
1.39531185
1.19826574
3.26518673
2.39896960
0.62333355
3.17076912
0.29588454
0.55455193
3.34188721
1.20671409
1.08752311
4.01188717
0.43368500
0.32368486
2.41937033
2.67751756
1.27773344
